20
Magnaporthe_sp._MG03           0.0000000 0.8014484 0.8956096 1.2510769 0.9615580 0.9544514 0.4844292 0.8197736 0.4803744 0.3606825 0.4946762 1.0512796 0.5665136 0.4018349 0.7783969 0.3822746 0.4853227 0.5163753 1.2020811 0.5492283 
Melampsora_occidentalis        0.8014484 0.0000000 0.8280828 0.6967341 0.4949369 0.6253103 0.7184721 0.4227260 0.9250524 0.8121456 0.9025123 0.5894027 0.8760417 0.6307351 0.6789289 0.7616599 0.9101547 1.0385956 0.5132311 0.7795246 
Metschnikowia_dekortorum       0.8956096 0.8280828 0.0000000 1.1267773 0.6997083 0.8069651 0.7937736 0.7616313 0.8382525 0.8097309 0.8648553 0.7550148 0.8777449 0.6387491 0.9643191 0.7219138 0.7485982 0.7995501 0.8778794 0.7809858 
Microbotryum_violaceum         1.2510769 0.6967341 1.1267773 0.0000000 0.7020758 0.9279758 1.0416648 0.7331875 1.4225719 1.1795634 1.2598933 0.9441063 1.3288280 1.0496755 0.8680041 1.2760772 1.1997586 1.0179294 0.6922904 1.0506253 
Moniliophthora_roreri          0.9615580 0.4949369 0.6997083 0.7020758 0.0000000 0.6439206 0.8534867 0.3016865 1.0250603 0.8593074 0.9187224 0.5827223 0.9437027 0.7876596 0.7278208 0.9406214 0.8532080 0.9452493 0.5726129 0.7914488 
Mucor_racemosus                0.9544514 0.6253103 0.8069651 0.9279758 0.6439206 0.0000000 0.9327781 0.6565108 0.9192832 0.9050774 0.7918410 0.1960116 0.9408105 0.7345553 0.7494249 0.7584831 0.8932451 0.9040629 0.6848262 0.8411882 
Neurospora_tetrasperma         0.4844292 0.7184721 0.7937736 1.0416648 0.8534867 0.9327781 0.0000000 0.8593703 0.4978778 0.3307924 0.5297040 0.8988037 0.4998477 0.3905050 0.9207724 0.3666246 0.3926783 0.4100697 1.1588954 0.5127427 
Neoboletus_brunneissimus       0.8197736 0.4227260 0.7616313 0.7331875 0.3016865 0.6565108 0.8593703 0.0000000 0.9743104 0.8428633 0.9678567 0.6864473 0.9642639 0.6452010 0.5546894 0.7207561 0.8660867 0.9035087 0.5335337 0.8279129 
Ophidiomyces_ophiodiicola      0.4803744 0.9250524 0.8382525 1.4225719 1.0250603 0.9192832 0.4978778 0.9743104 0.0000000 0.4001042 0.2486462 0.9612119 0.2497379 0.4043984 0.9538208 0.4147232 0.5348711 0.5328911 1.2666515 0.5854130 
Ophiocordyceps_sinensis        0.3606825 0.8121456 0.8097309 1.1795634 0.8593074 0.9050774 0.3307924 0.8428633 0.4001042 0.0000000 0.3838631 0.8862271 0.4463294 0.3625554 0.8480701 0.2172702 0.3961878 0.3645314 1.2784662 0.4892372 
Penicillium_capsulatum         0.4946762 0.9025123 0.8648553 1.2598933 0.9187224 0.7918410 0.5297040 0.9678567 0.2486462 0.3838631 0.0000000 0.7700413 0.1771421 0.4393884 0.9045529 0.3824202 0.5719735 0.5074909 1.2392943 0.5351524 
Parasitella_parasitica         1.0512796 0.5894027 0.7550148 0.9441063 0.5827223 0.1960116 0.8988037 0.6864473 0.9612119 0.8862271 0.7700413 0.0000000 0.8634131 0.7265120 0.7864048 0.7910016 0.9433509 0.9153491 0.7379391 0.8442312 
Penicillium_subrubescens       0.5665136 0.8760417 0.8777449 1.3288280 0.9437027 0.9408105 0.4998477 0.9642639 0.2497379 0.4463294 0.1771421 0.8634131 0.0000000 0.4083761 0.9496640 0.4431198 0.4941084 0.6158945 1.2998060 0.5915914 
Pezicula_radicicola            0.4018349 0.6307351 0.6387491 1.0496755 0.7876596 0.7345553 0.3905050 0.6452010 0.4043984 0.3625554 0.4393884 0.7265120 0.4083761 0.0000000 0.7504559 0.3098240 0.3675350 0.3652358 0.9554280 0.3342592 
Piptocephalis_cylindrospora    0.7783969 0.6789289 0.9643191 0.8680041 0.7278208 0.7494249 0.9207724 0.5546894 0.9538208 0.8480701 0.9045529 0.7864048 0.9496640 0.7504559 0.0000000 0.8600548 0.8969461 0.8324602 0.8798716 0.8600442 
Pochonia_chlamydosporia        0.3822746 0.7616599 0.7219138 1.2760772 0.9406214 0.7584831 0.3666246 0.7207561 0.4147232 0.2172702 0.3824202 0.7910016 0.4431198 0.3098240 0.8600548 0.0000000 0.3711235 0.4010122 1.2079656 0.4620219 
Pseudogymnoascus_pannorum      0.4853227 0.9101547 0.7485982 1.1997586 0.8532080 0.8932451 0.3926783 0.8660867 0.5348711 0.3961878 0.5719735 0.9433509 0.4941084 0.3675350 0.8969461 0.3711235 0.0000000 0.1903125 1.1501034 0.4926031 
Pseudogymnoascus_sp._VKM_F-103 0.5163753 1.0385956 0.7995501 1.0179294 0.9452493 0.9040629 0.4100697 0.9035087 0.5328911 0.3645314 0.5074909 0.9153491 0.6158945 0.3652358 0.8324602 0.4010122 0.1903125 0.0000000 1.0800947 0.4536949 
Pseudozyma_tsukubaensis        1.2020811 0.5132311 0.8778794 0.6922904 0.5726129 0.6848262 1.1588954 0.5335337 1.2666515 1.2784662 1.2392943 0.7379391 1.2998060 0.9554280 0.8798716 1.2079656 1.1501034 1.0800947 0.0000000 1.0659653 
Pyrenophora_seminiperda        0.5492283 0.7795246 0.7809858 1.0506253 0.7914488 0.8411882 0.5127427 0.8279129 0.5854130 0.4892372 0.5351524 0.8442312 0.5915914 0.3342592 0.8600442 0.4620219 0.4926031 0.4536949 1.0659653 0.0000000 
