20
Magnaporthe_sp._MG03           0.0000000 0.8277765 0.9150963 1.2869398 1.0025760 1.0021729 0.4982749 0.8628934 0.4997951 0.3764687 0.5189879 1.0892144 0.5906509 0.4167432 0.8041465 0.3890233 0.4995018 0.5410112 1.2511561 0.5709471 
Melampsora_occidentalis        0.8277765 0.0000000 0.8555011 0.7300114 0.5087209 0.6486407 0.7503989 0.4348334 0.9714247 0.8589751 0.9652352 0.6152272 0.9303246 0.6643982 0.7002776 0.8021477 0.9447941 1.0879236 0.5301491 0.8296344 
Metschnikowia_dekortorum       0.9150963 0.8555011 0.0000000 1.1567918 0.7266034 0.8338069 0.8164664 0.8033247 0.8766330 0.8361539 0.8923629 0.7753371 0.9253750 0.6569337 1.0091339 0.7487816 0.7658036 0.8304371 0.9065725 0.8181936 
Microbotryum_violaceum         1.2869398 0.7300114 1.1567918 0.0000000 0.7325227 0.9507657 1.0703058 0.7639405 1.4521283 1.2060624 1.2837072 0.9768902 1.3602916 1.0881146 0.8974088 1.3298457 1.2335889 1.0464180 0.7155175 1.0953670 
Moniliophthora_roreri          1.0025760 0.5087209 0.7266034 0.7325227 0.0000000 0.6653017 0.8886294 0.3050638 1.0662019 0.8959592 0.9741013 0.6100539 1.0033176 0.8256059 0.7572808 0.9720031 0.8986407 0.9823194 0.5956893 0.8338502 
Mucor_racemosus                1.0021729 0.6486407 0.8338069 0.9507657 0.6653017 0.0000000 0.9510237 0.6890226 0.9462841 0.9414817 0.8318740 0.1948760 0.9724102 0.7654056 0.7735230 0.7954577 0.9126088 0.9319601 0.7035037 0.8876088 
Neurospora_tetrasperma         0.4982749 0.7503989 0.8164664 1.0703058 0.8886294 0.9510237 0.0000000 0.8922676 0.5109247 0.3356819 0.5503428 0.9391311 0.5184559 0.3943997 0.9398097 0.3689067 0.3978958 0.4213155 1.2150569 0.5176825 
Neoboletus_brunneissimus       0.8628934 0.4348334 0.8033247 0.7639405 0.3050638 0.6890226 0.8922676 0.0000000 1.0243086 0.8860274 1.0364854 0.7142898 1.0321198 0.6757233 0.5758344 0.7687127 0.9082872 0.9529515 0.5477174 0.8659217 
Ophidiomyces_ophiodiicola      0.4997951 0.9714247 0.8766330 1.4521283 1.0662019 0.9462841 0.5109247 1.0243086 0.0000000 0.4099169 0.2521436 0.9851214 0.2517572 0.4147253 0.9762299 0.4261694 0.5520211 0.5561090 1.3073151 0.5999452 
Ophiocordyceps_sinensis        0.3764687 0.8589751 0.8361539 1.2060624 0.8959592 0.9414817 0.3356819 0.8860274 0.4099169 0.0000000 0.4010722 0.9258800 0.4636917 0.3687210 0.8749724 0.2190873 0.4009898 0.3757913 1.3244780 0.5017822 
Penicillium_capsulatum         0.5189879 0.9652352 0.8923629 1.2837072 0.9741013 0.8318740 0.5503428 1.0364854 0.2521436 0.4010722 0.0000000 0.7977906 0.1783332 0.4528003 0.9398737 0.3985583 0.5881489 0.5330801 1.3153097 0.5532825 
Parasitella_parasitica         1.0892144 0.6152272 0.7753371 0.9768902 0.6100539 0.1948760 0.9391311 0.7142898 0.9851214 0.9258800 0.7977906 0.0000000 0.8992295 0.7585901 0.8029633 0.8202424 0.9743318 0.9557532 0.7566464 0.8958489 
Penicillium_subrubescens       0.5906509 0.9303246 0.9253750 1.3602916 1.0033176 0.9724102 0.5184559 1.0321198 0.2517572 0.4636917 0.1783332 0.8992295 0.0000000 0.4198736 0.9807539 0.4562350 0.5099741 0.6427789 1.3728574 0.6113063 
Pezicula_radicicola            0.4167432 0.6643982 0.6569337 1.0881146 0.8256059 0.7654056 0.3943997 0.6757233 0.4147253 0.3687210 0.4528003 0.7585901 0.4198736 0.0000000 0.7767338 0.3136158 0.3734547 0.3732395 1.0026779 0.3374819 
Piptocephalis_cylindrospora    0.8041465 0.7002776 1.0091339 0.8974088 0.7572808 0.7735230 0.9398097 0.5758344 0.9762299 0.8749724 0.9398737 0.8029633 0.9807539 0.7767338 0.0000000 0.8968225 0.9141522 0.8572211 0.9088249 0.9051284 
Pochonia_chlamydosporia        0.3890233 0.8021477 0.7487816 1.3298457 0.9720031 0.7954577 0.3689067 0.7687127 0.4261694 0.2190873 0.3985583 0.8202424 0.4562350 0.3136158 0.8968225 0.0000000 0.3740790 0.4158337 1.2642397 0.4728080 
Pseudogymnoascus_pannorum      0.4995018 0.9447941 0.7658036 1.2335889 0.8986407 0.9126088 0.3978958 0.9082872 0.5520211 0.4009898 0.5881489 0.9743318 0.5099741 0.3734547 0.9141522 0.3740790 0.0000000 0.1899895 1.1968487 0.4998061 
Pseudogymnoascus_sp._VKM_F-103 0.5410112 1.0879236 0.8304371 1.0464180 0.9823194 0.9319601 0.4213155 0.9529515 0.5561090 0.3757913 0.5330801 0.9557532 0.6427789 0.3732395 0.8572211 0.4158337 0.1899895 0.0000000 1.1233776 0.4666716 
Pseudozyma_tsukubaensis        1.2511561 0.5301491 0.9065725 0.7155175 0.5956893 0.7035037 1.2150569 0.5477174 1.3073151 1.3244780 1.3153097 0.7566464 1.3728574 1.0026779 0.9088249 1.2642397 1.1968487 1.1233776 0.0000000 1.1208387 
Pyrenophora_seminiperda        0.5709471 0.8296344 0.8181936 1.0953670 0.8338502 0.8876088 0.5176825 0.8659217 0.5999452 0.5017822 0.5532825 0.8958489 0.6113063 0.3374819 0.9051284 0.4728080 0.4998061 0.4666716 1.1208387 0.0000000 
